001 (15
001 (16
001 (17
001 (18
001 (19
001 (20
001 (21
001 (22
001 (24
001 (25
001 (26
001 (27
001 (28
001 (29
001 (30
001 (31
001 (32
001 (33
001 (35
001 (36
001 (37
001 (38
001 (39
001 (40
001 (41
001 (42
001 (43
001 (44
002 (14
002 (15
002 (16
002 (17
002 (18
002 (19
002 (20
002 (21
002 (22
002 (24
002 (25
002 (26
002 (27
002 (28
002 (29
002 (30
002 (31
002 (32
002 (33
002 (35
002 (36
002 (37
002 (38
002 (39
002 (41
002 (42
002 (43
002 (44
003 (27
003 (28
003 (29
003 (30
003 (31
003 (32
003 (33
004 (24
004 (26
004 (28
004 (36
004 (37
004 (40
004 (43
004 (7
005 (1
005 (21
005 (22
005 (24
005 (25
005 (26
005 (27
005 (28
005 (29
005 (30
005 (31
005 (32
005 (33
005 (34
005 (35
005 (36
005 (37
005 (38
005 (39
005 (40
005 (41
005 (42
005 (43
005 (44
005 (46
006 (3
006 (33
006 (34
006 (35
006 (36
006 (37
006 (38
006 (39
006 (40
006 (42
006 (43
006 (44
006 (46
006 (9
009 (10
009 (12
009 (13
009 (14
009 (15
009 (16
009 (22
009 (24
009 (25
009 (27
009 (28
009 (29
009 (3
009 (31
009 (38
009 (39
009 (40
009 (41
009 (42
009 (43
009 (45
009 (46
009 (49
009 (50
009 (7
009 (8
010 (16
010 (17
010 (18
010 (19
010 (20
010 (21
010 (22
010 (24
010 (25
010 (26
010 (27
010 (28
010 (29
010 (30
010 (31
010 (32
010 (33
010 (35
010 (36
010 (37
010 (38
010 (39
010 (40
010 (41
010 (42
010 (43
010 (44
010 (46
011 (10
011 (11
011 (12
011 (13
011 (14
011 (15
011 (16
011 (17
011 (18
011 (19
011 (2
011 (20
011 (21
011 (24
011 (25
011 (26
011 (27
011 (28
011 (3
011 (34
011 (4
011 (45
011 (47
011 (48
011 (49
011 (5
011 (50
011 (6
011 (7
011 (8
011 (9
012 (10
012 (11
012 (13
012 (14
012 (15
012 (16
012 (17
012 (18
012 (19
012 (20
012 (21
012 (22
012 (24
012 (25
012 (26
012 (27
012 (28
012 (29
012 (30
012 (31
012 (32
012 (33
012 (35
012 (36
013 (18
013 (19
013 (21
013 (22
013 (26
013 (27
013 (28
013 (31
013 (33
013 (36
013 (37
013 (39
013 (42
013 (43
014 (13
014 (17
014 (18
014 (21
014 (22
014 (24
014 (25
014 (26
014 (27
014 (28
014 (29
014 (30
014 (31
014 (48
014 (49
014 (5
014 (50
014 (6
016 (1
016 (10
016 (11
016 (17
016 (19
016 (2
016 (20
016 (21
016 (23
016 (24
016 (26
016 (27
016 (28
016 (29
016 (30
016 (31
016 (32
016 (36
016 (38
016 (39
016 (7
017 (10
017 (12
017 (15
017 (16
017 (17
017 (18
017 (19
017 (2
017 (20
017 (21
017 (22
017 (23
017 (24
017 (25
017 (26
017 (27
017 (34
017 (38
017 (39
017 (41
017 (42
017 (5
018 (1
018 (10
018 (11
018 (12
018 (13
018 (14
018 (15
018 (16
018 (17
018 (18
018 (19
018 (2
018 (20
018 (21
018 (22
018 (23
018 (24
018 (25
018 (26
018 (27
018 (28
018 (29
018 (3
018 (34
018 (4
018 (45
018 (47
018 (48
018 (49
018 (5
018 (50
018 (6
018 (7
018 (8
018 (9
019 (14
019 (15
019 (16
019 (3
019 (37
019 (4
019 (40
019 (47
019 (6
019 (7
019 (8
019 (9
020 (13
020 (27
020 (31
020 (32
020 (33
020 (35
020 (43
020 (44
020 (5
020 (9
021 (10
021 (11
021 (12
021 (21
021 (24
021 (25
021 (26
021 (29
021 (30
021 (31
021 (32
021 (33
021 (34
021 (37
021 (39
021 (4
021 (42
021 (44
021 (47
021 (49
021 (5
021 (6
022 (1
022 (15
022 (16
022 (18
022 (23
022 (25
022 (26
022 (27
022 (28
022 (29
022 (4
022 (45
022 (5
022 (6
022 (7
022 (8
022 (9
023 (11
023 (13
023 (14
023 (16
023 (17
023 (19
023 (2
023 (21
023 (23
023 (25
023 (26
023 (27
023 (33
023 (35
023 (39
023 (4
023 (40
023 (42
023 (43
023 (44
023 (45
023 (48
023 (49
023 (9
024 (10
024 (11
024 (15
024 (2
024 (22
024 (24
024 (25
024 (26
024 (27
024 (3
024 (35
024 (38
024 (41
024 (5
024 (7
024 (8
024 (9
025 (10
025 (17
025 (25
025 (27
025 (28
025 (3
025 (30
025 (32
025 (33
025 (36
025 (4
025 (40
025 (42
025 (46
026 (11
026 (13
026 (16
026 (20
026 (21
026 (22
026 (26
026 (29
026 (3
026 (32
026 (40
026 (41
026 (42
026 (43
026 (46
026 (5
026 (7
026 (8
028 (10
028 (11
028 (14
028 (15
028 (16
028 (18
028 (19
028 (2
028 (22
028 (27
028 (29
028 (3
028 (30
028 (31
028 (32
028 (33
028 (34
028 (38
028 (40
028 (42
028 (46
028 (48
028 (49
028 (5
028 (6
028 (7
029 (10
029 (11
029 (13
029 (16
029 (2
029 (24
029 (25
029 (26
029 (27
029 (29
029 (3
029 (30
029 (31
029 (32
029 (33
029 (34
029 (35
029 (37
029 (38
029 (4
029 (43
029 (44
029 (45
029 (5
029 (7
029 (9
030 (1
030 (11
030 (12
030 (15
030 (17
030 (21
030 (22
030 (24
030 (25
030 (26
030 (27
030 (28
030 (3
030 (30
030 (31
030 (32
030 (33
030 (36
030 (38
030 (39
030 (43
030 (44
030 (45
030 (46
030 (7
030 (9
031 (10
031 (11
031 (14
031 (15
031 (25
031 (27
031 (32
031 (35
031 (39
031 (40
031 (43
031 (8
031 (9
032 (11
032 (15
032 (16
032 (17
032 (18
032 (20
032 (25
032 (27
032 (28
032 (29
032 (30
032 (31
032 (32
032 (33
032 (35
032 (37
032 (40
032 (41
032 (5
032 (7
034 (10
034 (13
034 (15
034 (16
034 (17
034 (2
034 (20
034 (21
034 (28
034 (32
034 (33
034 (35
034 (36
034 (38
034 (40
034 (42
034 (45
034 (47
034 (5
034 (7
035 (10
035 (11
035 (12
035 (13
035 (15
035 (19
035 (20
035 (24
035 (26
035 (27
035 (28
035 (30
035 (34
035 (4
035 (40
035 (44
035 (45
035 (47
035 (49
035 (5
035 (50
035 (7
035 (8
035 (9
036 (10
036 (11
036 (13
036 (14
036 (15
036 (16
036 (17
036 (18
036 (19
036 (22
036 (27
036 (28
036 (30
036 (32
036 (33
036 (40
036 (7
036 (8
036 (9
037 (1
037 (10
037 (15
037 (18
037 (21
037 (23
037 (24
037 (29
037 (31
037 (33
037 (38
037 (4
037 (41
037 (43
037 (45
037 (47
037 (6
037 (7
039 (10
039 (11
039 (13
039 (14
039 (15
039 (16
039 (17
039 (18
039 (19
039 (20
039 (21
039 (22
039 (23
039 (24
039 (25
039 (26
039 (27
039 (3
039 (32
039 (37
039 (38
039 (39
039 (4
039 (41
039 (42
039 (43
040 (11
040 (12
040 (13
040 (14
040 (15
040 (16
040 (17
040 (18
040 (19
040 (2
040 (20
040 (21
040 (28
040 (29
040 (3
040 (31
040 (32
040 (33
040 (34
040 (35
040 (37
040 (38
040 (39
040 (4
040 (40
040 (41
040 (42
040 (43
040 (44
040 (45
040 (46
040 (6
040 (9
041 (13
041 (16
041 (17
041 (20
041 (21
041 (22
041 (24
041 (25
041 (26
041 (27
041 (28
041 (29
041 (30
041 (31
041 (33
041 (36
041 (37
041 (38
041 (39
041 (40
041 (45
041 (7
041 (8
043 (1
043 (16
043 (17
043 (18
043 (20
043 (23
043 (26
043 (3
043 (31
043 (32
043 (33
043 (34
043 (35
043 (37
043 (39
043 (4
043 (41
043 (44
043 (48
043 (49
043 (5
043 (6
043 (7
043 (8
043 (9
044 (10
044 (14
044 (15
044 (16
044 (19
044 (2
044 (20
044 (23
044 (24
044 (25
044 (26
044 (27
044 (3
044 (30
044 (31
044 (33
044 (34
044 (36
044 (37
044 (38
044 (4
044 (40
044 (41
044 (44
044 (47
044 (48
044 (49
044 (5
044 (8
045 (1
045 (12
045 (13
045 (16
045 (19
045 (2
045 (20
045 (22
045 (23
045 (24
045 (25
045 (28
045 (33
045 (36
045 (44
045 (45
045 (47
045 (49
045 (6
045 (8
046 (1
046 (12
046 (14
046 (15
046 (19
046 (2
046 (21
046 (22
046 (23
046 (24
046 (31
046 (33
046 (35
046 (37
046 (4
046 (43
046 (47
046 (48
046 (49
046 (5
046 (6
046 (7
046 (8
046 (9
047 (10
047 (18
047 (2
047 (20
047 (21
047 (28
047 (33
047 (34
047 (36
047 (37
047 (40
047 (5
047 (8
048 (11
048 (14
048 (19
048 (2
048 (23
048 (3
048 (30
048 (35
048 (41
048 (42
048 (43
048 (44
048 (6
048 (7
048 (8
048 (9
049 (10
049 (11
049 (14
049 (15
049 (16
049 (17
049 (18
049 (19
049 (2
049 (20
049 (23
049 (25
049 (26
049 (28
049 (30
049 (31
049 (32
049 (33
049 (34
049 (36
049 (37
049 (38
049 (39
049 (5
049 (6
049 (7
049 (8
049 (9
050 (1
050 (10
050 (11
050 (12
050 (14
050 (2
050 (21
050 (22
050 (23
050 (24
050 (5
050 (6
050 (9
051 (11
051 (13
051 (22
051 (25
051 (26
051 (27
051 (28
051 (4
051 (5
053 (24
053 (26
053 (3
053 (4
053 (5
057 (13
057 (15
057 (16
057 (17
057 (19
057 (21
057 (22
057 (24
057 (28
057 (3
057 (33
057 (35
057 (36
057 (37
057 (4
057 (40
057 (43
057 (48
057 (6
057 (7
057 (8
057 (9
059 (11
059 (14
059 (2
059 (21
059 (24
059 (25
059 (37
059 (4
059 (43
059 (50
059 (6
061 (1
061 (10
061 (11
061 (13
061 (14
061 (15
061 (17
061 (18
061 (2
061 (20
061 (21
061 (22
061 (23
061 (26
061 (28
061 (32
061 (33
061 (37
061 (4
061 (40
061 (42
061 (43
061 (45
061 (7
061 (8
061 (9