001 (1
001 (10
001 (11
001 (12
001 (13
001 (14
001 (2
001 (23
001 (3
001 (34
001 (4
001 (45
001 (46
001 (47
001 (48
001 (49
001 (5
001 (6
001 (7
001 (8
001 (9
002 (1
002 (10
002 (11
002 (12
002 (13
002 (2
002 (23
002 (3
002 (34
002 (4
002 (40
002 (45
002 (46
002 (47
002 (48
002 (49
002 (5
002 (6
002 (7
002 (8
002 (9
003 (1
003 (10
003 (11
003 (13
003 (14
003 (15
003 (16
003 (17
003 (18
003 (19
003 (2
003 (20
003 (21
003 (22
003 (23
003 (24
003 (25
003 (3
003 (35
003 (36
003 (37
003 (38
003 (39
003 (4
003 (5
003 (6
003 (7
003 (8
003 (9
004 (13
004 (16
004 (17
004 (18
004 (19
004 (22
004 (27
004 (31
004 (35
004 (38
004 (41
004 (42
004 (44
004 (49
004 (6
004 (8
004 (9
005 (10
005 (11
005 (12
005 (13
005 (14
005 (15
005 (16
005 (17
005 (18
005 (19
005 (2
005 (20
005 (23
005 (3
005 (4
005 (45
005 (47
005 (48
005 (49
005 (5
005 (50
005 (6
005 (7
005 (8
005 (9
006 (1
006 (10
006 (11
006 (12
006 (13
006 (14
006 (15
006 (16
006 (17
006 (18
006 (19
006 (2
006 (20
006 (21
006 (22
006 (23
006 (24
006 (25
006 (26
006 (27
006 (28
006 (29
006 (30
006 (31
006 (32
006 (4
006 (45
006 (47
006 (48
006 (49
006 (5
006 (50
006 (6
006 (7
009 (1
009 (11
009 (17
009 (18
009 (19
009 (2
009 (20
009 (21
009 (23
009 (26
009 (30
009 (32
009 (33
009 (34
009 (35
009 (36
009 (37
009 (4
009 (44
009 (48
009 (5
009 (6
009 (9
010 (1
010 (10
010 (11
010 (12
010 (13
010 (14
010 (15
010 (2
010 (23
010 (3
010 (34
010 (4
010 (45
010 (47
010 (48
010 (49
010 (5
010 (50
010 (6
010 (7
010 (8
010 (9
011 (1
011 (23
011 (29
011 (30
011 (31
011 (32
011 (33
011 (35
011 (36
011 (37
011 (38
011 (39
011 (40
011 (41
011 (42
011 (43
011 (44
011 (46
012 (1
012 (12
012 (2
012 (23
012 (3
012 (34
012 (37
012 (38
012 (39
012 (4
012 (40
012 (41
012 (5
012 (6
012 (7
012 (8
012 (9
013 (1
013 (10
013 (12
013 (13
013 (15
013 (16
013 (17
013 (2
013 (24
013 (29
013 (3
013 (30
013 (32
013 (35
013 (38
013 (4
013 (40
013 (41
013 (44
013 (45
013 (46
013 (47
013 (49
013 (5
013 (6
013 (7
013 (8
013 (9
014 (1
014 (10
014 (11
014 (12
014 (16
014 (2
014 (23
014 (3
014 (32
014 (33
014 (34
014 (35
014 (36
014 (37
014 (38
014 (39
014 (4
014 (40
014 (41
014 (42
014 (43
014 (44
014 (45
014 (46
014 (47
014 (7
014 (8
014 (9
016 (12
016 (13
016 (14
016 (15
016 (16
016 (18
016 (22
016 (25
016 (3
016 (33
016 (34
016 (35
016 (37
016 (4
016 (5
016 (6
016 (8
016 (9
017 (1
017 (11
017 (13
017 (14
017 (28
017 (29
017 (3
017 (30
017 (31
017 (32
017 (33
017 (35
017 (36
017 (37
017 (4
017 (40
017 (6
017 (7
017 (8
017 (9
018 (30
018 (31
018 (32
018 (33
018 (35
018 (36
018 (37
018 (38
018 (39
018 (40
018 (41
018 (42
018 (43
018 (44
018 (46
019 (17
019 (2
019 (36
019 (38
019 (43
019 (5
020 (1
020 (10
020 (14
020 (16
020 (17
020 (18
020 (19
020 (2
020 (20
020 (21
020 (22
020 (26
020 (28
020 (29
020 (3
020 (30
020 (37
020 (41
020 (42
020 (6
020 (7
021 (1
021 (13
021 (14
021 (15
021 (16
021 (17
021 (18
021 (19
021 (2
021 (20
021 (22
021 (23
021 (27
021 (28
021 (3
021 (35
021 (36
021 (38
021 (40
021 (41
021 (43
021 (45
021 (46
021 (48
021 (50
021 (7
021 (8
021 (9
022 (10
022 (11
022 (12
022 (13
022 (14
022 (17
022 (19
022 (2
022 (22
022 (24
022 (3
022 (30
022 (31
022 (32
022 (33
022 (34
022 (35
022 (36
022 (37
022 (38
022 (39
022 (40
022 (41
022 (42
022 (43
022 (44
022 (46
022 (47
022 (48
022 (49
022 (50
023 (1
023 (10
023 (12
023 (15
023 (18
023 (20
023 (22
023 (24
023 (28
023 (29
023 (3
023 (30
023 (31
023 (32
023 (34
023 (36
023 (37
023 (38
023 (41
023 (47
023 (5
023 (50
023 (6
023 (7
023 (8
024 (1
024 (12
024 (13
024 (14
024 (16
024 (17
024 (18
024 (19
024 (20
024 (21
024 (23
024 (28
024 (29
024 (30
024 (31
024 (32
024 (33
024 (36
024 (39
024 (4
024 (40
024 (43
024 (44
024 (46
024 (47
024 (48
024 (49
024 (6
025 (1
025 (11
025 (13
025 (14
025 (15
025 (16
025 (18
025 (19
025 (2
025 (21
025 (22
025 (24
025 (26
025 (29
025 (31
025 (34
025 (35
025 (37
025 (39
025 (41
025 (43
025 (44
025 (45
025 (47
025 (49
025 (5
025 (50
025 (6
025 (7
025 (8
025 (9
026 (1
026 (10
026 (12
026 (14
026 (15
026 (17
026 (18
026 (19
026 (2
026 (24
026 (25
026 (27
026 (28
026 (30
026 (31
026 (33
026 (34
026 (35
026 (36
026 (37
026 (38
026 (39
026 (4
026 (44
026 (45
026 (47
026 (48
026 (6
026 (9
028 (1
028 (12
028 (13
028 (17
028 (20
028 (21
028 (23
028 (24
028 (25
028 (26
028 (28
028 (35
028 (36
028 (37
028 (39
028 (4
028 (41
028 (43
028 (44
028 (45
028 (47
028 (50
028 (8
028 (9
029 (1
029 (12
029 (14
029 (15
029 (17
029 (18
029 (19
029 (20
029 (21
029 (22
029 (23
029 (28
029 (36
029 (39
029 (40
029 (41
029 (42
029 (6
029 (8
030 (10
030 (13
030 (14
030 (16
030 (18
030 (19
030 (2
030 (20
030 (23
030 (29
030 (34
030 (35
030 (37
030 (4
030 (40
030 (41
030 (42
030 (5
030 (6
030 (8
031 (12
031 (13
031 (16
031 (17
031 (18
031 (19
031 (20
031 (21
031 (22
031 (23
031 (24
031 (26
031 (28
031 (29
031 (30
031 (31
031 (33
031 (34
031 (36
031 (37
031 (38
031 (41
031 (42
031 (44
031 (45
031 (7
032 (1
032 (10
032 (12
032 (13
032 (2
032 (21
032 (22
032 (23
032 (24
032 (26
032 (3
032 (34
032 (36
032 (38
032 (39
032 (4
032 (42
032 (43
032 (44
032 (45
032 (46
032 (50
032 (8
032 (9
034 (1
034 (12
034 (14
034 (18
034 (19
034 (22
034 (23
034 (24
034 (26
034 (27
034 (29
034 (3
034 (31
034 (34
034 (37
034 (39
034 (41
034 (43
034 (44
034 (46
034 (48
034 (49
034 (50
034 (6
034 (8
034 (9
035 (1
035 (14
035 (16
035 (17
035 (18
035 (2
035 (21
035 (22
035 (23
035 (25
035 (29
035 (3
035 (31
035 (32
035 (33
035 (35
035 (36
035 (37
035 (38
035 (39
035 (41
035 (42
035 (43
035 (46
035 (48
035 (6
036 (1
036 (20
036 (21
036 (23
036 (24
036 (25
036 (26
036 (29
036 (3
036 (31
036 (34
036 (35
036 (36
036 (37
036 (38
036 (39
036 (4
036 (41
036 (42
036 (43
036 (44
036 (45
036 (46
037 (11
037 (12
037 (13
037 (14
037 (16
037 (17
037 (19
037 (2
037 (20
037 (22
037 (25
037 (26
037 (27
037 (28
037 (3
037 (30
037 (32
037 (34
037 (35
037 (36
037 (37
037 (39
037 (40
037 (42
037 (44
037 (46
037 (48
037 (49
037 (5
037 (8
037 (9
039 (1
039 (12
039 (2
039 (28
039 (29
039 (30
039 (31
039 (33
039 (35
039 (36
039 (40
039 (44
039 (45
039 (46
039 (47
039 (48
039 (49
039 (5
039 (6
039 (7
039 (8
039 (9
040 (1
040 (10
040 (22
040 (23
040 (24
040 (25
040 (26
040 (27
040 (30
040 (36
040 (5
040 (7
040 (8
041 (11
041 (14
041 (15
041 (18
041 (19
041 (2
041 (23
041 (3
041 (32
041 (34
041 (35
041 (4
041 (41
041 (42
041 (43
041 (47
041 (49
041 (50
041 (9
043 (10
043 (11
043 (12
043 (13
043 (14
043 (15
043 (19
043 (2
043 (21
043 (22
043 (24
043 (25
043 (27
043 (28
043 (29
043 (30
043 (36
043 (38
043 (40
043 (42
043 (43
043 (45
043 (46
043 (47
043 (50
044 (1
044 (11
044 (13
044 (21
044 (22
044 (29
044 (32
044 (35
044 (39
044 (45
044 (46
044 (6
044 (7
044 (9
045 (10
045 (11
045 (14
045 (15
045 (17
045 (18
045 (21
045 (26
045 (27
045 (29
045 (3
045 (30
045 (31
045 (32
045 (34
045 (35
045 (37
045 (39
045 (4
045 (40
045 (41
045 (42
045 (43
045 (48
045 (5
045 (50
045 (7
045 (9
046 (16
046 (17
046 (18
046 (20
046 (25
046 (3
046 (32
046 (50
047 (12
047 (14
047 (19
047 (22
047 (23
047 (26
047 (27
047 (29
047 (3
047 (30
047 (31
047 (32
047 (35
047 (38
047 (39
047 (4
047 (6
047 (7
047 (9
048 (1
048 (10
048 (12
048 (13
048 (15
048 (16
048 (17
048 (18
048 (20
048 (21
048 (22
048 (24
048 (25
048 (26
048 (27
048 (28
048 (31
048 (32
048 (33
048 (34
048 (36
048 (37
048 (38
048 (39
048 (4
048 (40
048 (45
048 (5
049 (1
049 (12
049 (13
049 (21
049 (22
049 (24
049 (27
049 (29
049 (3
049 (35
049 (4
050 (13
050 (15
050 (16
050 (17
050 (18
050 (19
050 (20
050 (3
050 (4
050 (7
050 (8
051 (1
051 (10
051 (12
051 (14
051 (15
051 (16
051 (17
051 (18
051 (19
051 (2
051 (20
051 (21
051 (23
051 (24
051 (29
051 (3
051 (30
051 (31
051 (7
051 (8
051 (9
053 (1
053 (2
053 (25
053 (27
053 (28
057 (1
057 (10
057 (11
057 (12
057 (14
057 (18
057 (2
057 (20
057 (23
057 (25
057 (26
057 (27
057 (29
057 (30
057 (31
057 (32
057 (34
057 (38
057 (39
057 (41
057 (42
057 (44
057 (45
057 (46
057 (47
057 (49
057 (5
057 (50
059 (10
059 (12
059 (13
059 (15
059 (16
059 (17
059 (18
059 (19
059 (20
059 (22
059 (23
059 (26
059 (27
059 (28
059 (29
059 (3
059 (30
059 (31
059 (33
059 (34
059 (35
059 (38
059 (39
059 (40
059 (41
059 (44
059 (45
059 (46
059 (47
059 (48
059 (49
059 (5
059 (7
059 (8
059 (9
061 (12
061 (16
061 (19
061 (24
061 (25
061 (27
061 (29
061 (3
061 (30
061 (31
061 (34
061 (35
061 (36
061 (38
061 (39
061 (41
061 (44
061 (46
061 (47
061 (48
061 (49
061 (5
061 (50
061 (6